0		106.297		-90.0002		-29.9886		-0		-90.0002		8.70108e-17		8.13512e-17		2.03764e-17		1.30721e-17		1.41075
0.032		106.315		-91.3753		-29.9886		-0		-90.0002		1.75903e-17		1.76665e-17		5.60806e-17		6.96738e-17		1.41075
0.064		105.098		-92.9624		-29.9886		-0		-90.0002		1.16911e-15		5.77959e-16		6.74039e-16		3.72902e-16		1.41075
0.096		105.798		-90.1148		-30.172		0.0171887		-90.0632		67.2291		56.0445		44.6041		33.1824		1.41749
0.128		106.699		-90.1377		-30.4355		0.00572958		-90.0862		30.7302		26.8923		0.0535547		0.0595838		1.4196
0.16		107.154		-90.1778		-30.5616		0.00572958		-90.1033		43.0757		35.681		0.0697971		0.071982		1.42078
0.192		107.268		-90.195		-30.5845		0.0114592		-90.1091		43.3176		36.5551		6.21334		0.0770875		1.42132
0.224		107.152		-90.2065		-30.5558		0.00572958		-90.1205		35.486		29.0174		11.9241		5.8302		1.42162
0.256		107.036		-90.2122		-30.5215		-0.00572958		-90.1263		31.2513		27.7954		13.211		8.90867		1.42182
0.288		106.956		-90.2065		-30.4928		-0.0114592		-90.1263		30.4743		27.2936		13.5002		8.47108		1.42198
0.32		106.916		-90.2065		-30.4699		-0.0229183		-90.132		30.2497		27.1822		13.4872		8.54823		1.4221
0.352		106.896		-90.2065		-30.4527		-0.0343775		-90.132		29.4235		26.7741		11.7539		8.51036		1.4222
0.384		106.852		-90.2007		-30.4355		-0.040107		-90.132		27.5525		25.0327		11.3143		8.13083		1.42229
0.416		106.832		-90.2007		-30.4241		-0.0458366		-90.132		27.4028		24.9082		11.3542		8.18657		1.42235
0.448		106.792		-90.195		-30.4069		-0.0515662		-90.132		27.3685		24.8676		11.3499		8.17498		1.4224
0.48		106.768		-90.1893		-30.4011		-0.0515662		-90.132		27.3588		24.8425		11.3438		8.14735		1.42244
0.512		106.748		-90.1893		-30.3954		-0.0515662		-90.132		27.3539		24.828		11.3436		8.11412		1.42248
0.544		106.728		-90.1893		-30.384		-0.0572958		-90.132		27.3615		24.8175		11.3318		8.09026		1.4225
0.576		106.728		-90.1893		-30.384		-0.0572958		-90.132		27.3653		24.8097		11.3295		8.06959		1.42252
0.608		106.708		-90.1893		-30.3782		-0.0572958		-90.132		27.3676		24.8036		11.3294		8.05222		1.42254
0.64		106.688		-90.1893		-30.3725		-0.0572958		-90.132		27.3727		24.8038		11.323		8.03783		1.42255
0.672		106.688		-90.1893		-30.3725		-0.0572958		-90.132		27.362		23.8084		11.2918		7.87812		1.42257
0.704		106.668		-90.1893		-30.3668		-0.0572958		-90.132		27.3574		23.7569		11.3165		7.88023		1.42258
0.736		106.668		-90.1893		-30.3668		-0.0572958		-90.132		27.3583		23.7466		11.3233		7.87671		1.42258
0.768		106.648		-90.1893		-30.3668		-0.0515662		-90.132		27.3562		23.7457		11.3296		7.86837		1.42259
0.8		106.648		-90.1893		-30.3668		-0.0515662		-90.132		27.3626		23.7469		11.3214		7.86553		1.4226
0.832		106.628		-90.1893		-30.361		-0.0515662		-90.132		27.3626		23.7479		11.3227		7.86228		1.4226
0.864		106.628		-90.1893		-30.361		-0.0515662		-90.132		27.3612		23.7485		11.3245		7.86009		1.4226
0.896		106.628		-90.1893		-30.361		-0.0515662		-90.132		27.3643		23.7519		11.3193		7.85747		1.42261
0.928		106.628		-90.1893		-30.361		-0.0515662		-90.132		27.3621		23.7517		11.3225		7.85711		1.42261
0.96		106.628		-90.1893		-30.361		-0.0515662		-90.132		27.3657		23.7536		11.3169		7.85638		1.42261
0.992		106.628		-90.1893		-30.361		-0.0515662		-90.132		27.3653		23.7539		11.3171		7.85736		1.42262
1.024		106.628		-90.1893		-30.361		-0.0515662		-90.132		27.3608		23.7561		11.3238		7.85248		1.42262
1.056		106.628		-90.1893		-30.361		-0.0515662		-90.132		26.2513		23.7756		11.14		7.83113		1.42262
1.088		106.609		-90.1893		-30.3553		-0.0515662		-90.132		26.1865		23.7674		11.1536		7.87953		1.42262
1.12		106.608		-90.1893		-30.3553		-0.0515662		-90.132		26.1792		23.7648		11.1454		7.89971		1.42262
1.152		106.629		-90.1893		-30.3553		-0.0572958		-90.132		26.1741		23.7666		11.1479		7.90226		1.42263
1.184		106.629		-90.1893		-30.3553		-0.0572958		-90.132		26.1719		23.7665		11.1502		7.90311		1.42263
1.216		106.629		-90.1893		-30.3553		-0.0572958		-90.132		26.1751		23.77		11.1455		7.90026		1.42263
1.248		106.629		-90.1893		-30.3553		-0.0572958		-90.132		26.1776		23.7675		11.1444		7.90272		1.42263
1.28		106.629		-90.1893		-30.3553		-0.0572958		-90.132		26.175		23.7691		11.1507		7.89765		1.42263
1.312		106.629		-90.1893		-30.3553		-0.0572958		-90.132		26.1802		23.7692		11.144		7.89809		1.42263
1.344		106.629		-90.1893		-30.3553		-0.0572958		-90.132		26.1794		23.7701		11.1464		7.89651		1.42263
1.376		106.629		-90.1893		-30.3553		-0.0572958		-90.132		26.178		23.769		11.1512		7.89446		1.42264
1.408		106.629		-90.1893		-30.3553		-0.0572958		-90.132		26.1811		23.7714		11.1462		7.89354		1.42264
1.44		106.629		-90.1893		-30.3553		-0.0572958		-90.132		26.1826		23.7719		11.1526		7.88737		1.42264
1.472		106.629		-90.1893		-30.3553		-0.0572958		-90.132		26.1856		23.7705		11.1471		7.89104		1.42264
1.504		106.629		-90.1893		-30.3553		-0.0572958		-90.132		26.1844		23.7709		11.148		7.89077		1.42264
1.536		106.629		-90.1893		-30.3553		-0.0572958		-90.132		26.1808		23.771		11.1528		7.88938		1.42264
1.568		106.629		-90.1893		-30.3553		-0.0572958		-90.132		26.1824		23.7716		11.1495		7.89003		1.42264
1.6		106.629		-90.1893		-30.3553		-0.0572958		-90.132		26.1837		23.7694		11.1474		7.89322		1.42264
1.632		106.629		-90.1893		-30.3553		-0.0572958		-90.132		26.1781		23.7722		11.1551		7.88803		1.42265
1.664		106.629		-90.1893		-30.3553		-0.0572958		-90.132		26.1827		23.7696		11.1481		7.89321		1.42265
1.696		106.629		-90.1893		-30.3553		-0.0572958		-90.132		26.1772		23.7724		11.1557		7.88795		1.42265
1.728		106.629		-90.1893		-30.3553		-0.0572958		-90.132		26.1829		23.7687		11.1476		7.89424		1.42265
1.76		106.629		-90.1893		-30.3553		-0.0572958		-90.132		26.1792		23.7726		11.1517		7.88963		1.42265
1.792		106.629		-90.1893		-30.3553		-0.0572958		-90.132		26.178		23.7707		11.1541		7.89059		1.42265
1.824		106.629		-90.1893		-30.3553		-0.0572958		-90.132		26.1794		23.7718		11.1514		7.89044		1.42265
1.856		106.629		-90.1893		-30.3553		-0.0572958		-90.132		26.181		23.77		11.1492		7.89309		1.42266
1.888		106.629		-90.1893		-30.3553		-0.0572958		-90.132		26.1756		23.7727		11.1569		7.888		1.42266
1.92		106.629		-90.1893		-30.3553		-0.0572958		-90.132		26.1804		23.7703		11.1498		7.89273		1.42266
1.952		105.619		-90.2122		-30.4011		-0.0114592		-90.1377		30.4439		31.6913		20.6688		11.5215		1.42981
1.984		104.916		-90.2237		-30.3954		-0.0114592		-90.1377		28.9596		22.0528		5.62492		4.44305		1.43468
2.016		104.441		-90.2179		-30.3782		-0.0286479		-90.1377		26.5335		21.0352		6.55995		7.90624		1.43792
2.048		104.129		-90.195		-30.361		-0.0515662		-90.132		26.8612		21.2665		7.61133		8.9259		1.44009
2.08		103.922		-90.1893		-30.3553		-0.0630254		-90.132		26.9796		21.8132		8.30848		8.93018		1.44156
2.112		103.788		-90.1836		-30.3496		-0.0744845		-90.132		27.1911		22.3326		8.84321		8.66975		1.44256
2.144		103.682		-90.1721		-30.3438		-0.0802141		-90.1263		27.458		22.683		9.16523		8.47787		1.44323
2.176		103.633		-90.1664		-30.3438		-0.0859437		-90.1263		26.7529		22.8776		9.11787		8.40442		1.4437
2.208		103.566		-90.1664		-30.3381		-0.0859437		-90.1263		26.8969		22.9948		9.22176		8.39482		1.44401
2.24		103.539		-90.1721		-30.3381		-0.0859437		-90.1263		27.0236		23.0784		9.29134		8.36397		1.44423
2.272		103.517		-90.1721		-30.3381		-0.0859437		-90.1263		27.109		23.1433		9.34114		8.32932		1.44438
2.304		103.522		-90.1721		-30.3438		-0.0859437		-90.1263		27.1694		23.1826		9.37258		8.3092		1.44449
2.336		103.516		-90.1721		-30.3438		-0.0859437		-90.1263		27.2094		23.2086		9.39391		8.2958		1.44456
2.368		103.509		-90.1721		-30.3438		-0.0859437		-90.1263		27.235		23.2257		9.40849		8.28749		1.44461
2.4		103.485		-90.1778		-30.3438		-0.0802141		-90.1263		27.2509		23.2367		9.41854		8.28269		1.44464
2.432		103.482		-90.1778		-30.3438		-0.0802141		-90.1263		27.2605		23.2439		9.42556		8.28013		1.44467
2.464		103.483		-90.1778		-30.3438		-0.0802141		-90.1263		27.266		23.2484		9.43055		8.27893		1.44469
2.496		103.482		-90.1778		-30.3438		-0.0802141		-90.1263		27.269		23.2513		9.43417		8.27851		1.4447
2.528		103.481		-90.1778		-30.3438		-0.0802141		-90.1263		27.2704		23.2531		9.43688		8.27849		1.44471
2.56		103.48		-90.1778		-30.3438		-0.0802141		-90.1263		27.271		23.2543		9.43898		8.27866		1.44471
2.592		103.48		-90.1778		-30.3438		-0.0802141		-90.1263		27.2709		23.2551		9.44068		8.27886		1.44472
2.624		103.479		-90.1778		-30.3438		-0.0802141		-90.1263		27.2707		23.2557		9.4421		8.27904		1.44472
2.656		103.479		-90.1778		-30.3438		-0.0802141		-90.1263		27.2703		23.2561		9.44335		8.27916		1.44473
2.688		103.479		-90.1778		-30.3438		-0.0802141		-90.1263		27.2699		23.2565		9.44447		8.27921		1.44473
2.72		103.479		-90.1778		-30.3438		-0.0802141		-90.1263		27.2695		23.2568		9.44551		8.27918		1.44473
2.752		103.479		-90.1778		-30.3438		-0.0802141		-90.1263		27.2691		23.2571		9.4465		8.27908		1.44474
2.784		103.479		-90.1778		-30.3438		-0.0802141		-90.1263		27.2688		23.2575		9.44745		8.27892		1.44474
2.816		103.479		-90.1778		-30.3438		-0.0802141		-90.1263		27.2685		23.2578		9.44838		8.27871		1.44474
2.848		103.479		-90.1778		-30.3438		-0.0802141		-90.1263		27.2682		23.2582		9.4493		8.27846		1.44474
2.88		103.479		-90.1778		-30.3438		-0.0802141		-90.1263		27.268		23.2586		9.4502		8.27817		1.44474
2.912		103.479		-90.1778		-30.3438		-0.0802141		-90.1263		27.2679		23.2589		9.45109		8.27785		1.44475
2.944		103.479		-90.1778		-30.3438		-0.0802141		-90.1263		27.2677		23.2593		9.45199		8.27751		1.44475
2.976		103.479		-90.1778		-30.3438		-0.0802141		-90.1263		27.2676		23.2597		9.45287		8.27715		1.44475
3.008		103.479		-90.1778		-30.3438		-0.0802141		-90.1263		27.2676		23.2602		9.45376		8.27681		1.44475
3.04		103.479		-90.1778		-30.3438		-0.0802141		-90.1263		27.2675		23.2605		9.45464		8.27638		1.44475
3.072		103.479		-90.1778		-30.3438		-0.0802141		-90.1263		27.2674		23.2609		9.45553		8.27599		1.44475
3.104		103.479		-90.1778		-30.3438		-0.0802141		-90.1263		27.2673		23.2614		9.45641		8.27559		1.44476
3.136		103.479		-90.1778		-30.3438		-0.0802141		-90.1263		27.2722		23.2545		9.4514		8.2826		1.44476
3.168		103.479		-90.1778		-30.3438		-0.0802141		-90.1263		27.2732		23.2544		9.45077		8.28296		1.44476
3.2		103.479		-90.1778		-30.3438		-0.0802141		-90.1263		27.2737		23.2543		9.45038		8.28359		1.44476
3.232		103.479		-90.1778		-30.3438		-0.0802141		-90.1263		27.2742		23.2541		9.45008		8.28423		1.44476
3.264		103.479		-90.1778		-30.3438		-0.0802141		-90.1263		27.2747		23.2539		9.44982		8.28484		1.44476
3.296		103.479		-90.1778		-30.3438		-0.0802141		-90.1263		27.2739		23.2531		9.4509		8.2881		1.44476
3.328		103.479		-90.1778		-30.3438		-0.0802141		-90.1263		27.2743		23.2528		9.45069		8.28876		1.44477
3.36		103.479		-90.1778		-30.3438		-0.0802141		-90.1263		27.2748		23.2526		9.45048		8.28938		1.44477
3.392		103.479		-90.1778		-30.3438		-0.0802141		-90.1263		27.2753		23.2523		9.45026		8.28998		1.44477
3.424		103.479		-90.1778		-30.3438		-0.0802141		-90.1263		27.2757		23.2521		9.45014		8.29074		1.44477
3.456		103.479		-90.1778		-30.3438		-0.0802141		-90.1263		27.2761		23.2518		9.44993		8.29133		1.44477
3.488		103.479		-90.1778		-30.3438		-0.0802141		-90.1263		27.2766		23.2516		9.44972		8.2919		1.44477
3.52		103.479		-90.1778		-30.3438		-0.0802141		-90.1263		27.2771		23.2514		9.4495		8.29247		1.44478
3.552		103.479		-90.1778		-30.3438		-0.0802141		-90.1263		27.2776		23.2512		9.44928		8.29303		1.44478
3.584		103.479		-90.1778		-30.3438		-0.0802141		-90.1263		27.2782		23.251		9.44907		8.29359		1.44478
3.616		103.479		-90.1778		-30.3438		-0.0802141		-90.1263		27.2787		23.2507		9.44885		8.29414		1.44478
3.648		103.479		-90.1778		-30.3438		-0.0802141		-90.1263		27.2792		23.2505		9.44863		8.29468		1.44478
3.68		103.479		-90.1778		-30.3438		-0.0802141		-90.1263		27.2797		23.2503		9.44842		8.29522		1.44478
3.712		103.479		-90.1778		-30.3438		-0.0802141		-90.1263		27.2802		23.2501		9.4482		8.29575		1.44479
3.744		103.479		-90.1778		-30.3438		-0.0802141		-90.1263		27.2807		23.2499		9.44798		8.29629		1.44479
3.776		103.479		-90.1778		-30.3438		-0.0802141		-90.1263		27.2812		23.2497		9.44776		8.29682		1.44479
3.808		103.479		-90.1778		-30.3438		-0.0802141		-90.1263		27.2818		23.2495		9.44755		8.29735		1.44479
3.84		103.479		-90.1778		-30.3438		-0.0802141		-90.1263		27.2823		23.2493		9.44733		8.29787		1.44479
3.872		103.479		-90.1778		-30.3438		-0.0802141		-90.1263		27.2828		23.2491		9.44711		8.29839		1.44479
3.904		103.479		-90.1778		-30.1949		-0.114592		-90.132		27.7769		27.4175		0.0951637		0.0939707		1.44324
3.936		103.479		-90.1778		-30.0574		-0.177617		-90.132		23.8173		21.6419		27.88		0.062047		1.44254
3.968		103.21		-90.1549		-30.0917		-0.194806		-90.1263		22.4722		14.3939		6.7383		16.4995		1.44278
4		103.21		-90.1549		-29.9829		-0.211994		-90.132		24.6602		27.4544		0.0931755		0.0852859		1.44173
4.032		103.21		-90.1549		-29.8683		-0.13751		-90.1263		29.769		16.9186		0.0607702		13.0612		1.44102
4.064		102.567		-90.195		-29.9141		-0.154699		-90.1263		17.2395		21.047		19.2396		4.1136		1.44134
4.096		102.567		-90.195		-29.8225		-0.183346		-90.132		22.7364		25.5807		0.0888444		0.0904862		1.44039
4.128		102.499		-90.195		-29.8053		-0.206265		-90.1263		23.7207		22.5379		22.0617		8.81738		1.44028
4.16		102.499		-90.195		-29.6506		-0.223454		-90.132		26.7853		24.6455		0.0930808		0.0879841		1.43914
4.192		102.057		-90.195		-29.6105		-0.246372		-90.1263		21.859		18.5779		28.016		14.4323		1.43894
4.224		102.057		-90.195		-29.45		-0.263561		-90.132		22.9848		24.977		0.0944479		0.0889962		1.43798
4.256		101.583		-90.1893		-29.4157		-0.286479		-90.1263		21.9804		17.8061		26.8929		11.2353		1.43781
4.288		101.583		-90.1893		-29.2724		-0.309397		-90.1263		27.0478		24.472		0.0941786		1.19208		1.43704
4.32		101.192		-90.1893		-29.2495		-0.326586		-90.1263		21.256		18.8606		21.8613		8.57763		1.43692
4.352		101.192		-90.1893		-29.112		-0.343775		-90.1263		23.2799		25.3368		0.0926378		0.651087		1.43614
4.384		100.767		-90.1893		-29.0776		-0.360963		-90.1263		19.0511		18.3614		25.2205		9.60702		1.436
4.416		100.767		-90.1893		-28.9458		-0.383882		-90.1263		22.9106		24.8805		0.094157		0.0887624		1.43527
4.448		100.462		-90.1893		-28.9286		-0.4068		-90.1263		21.9006		22.2067		21.8409		8.22061		1.43517
4.48		100.462		-90.1893		-28.8026		-0.418259		-90.1263		26.7879		26.0082		0.092428		0.524411		1.43439
4.512		100.084		-90.1893		-28.7739		-0.435448		-90.1205		19.1288		19.1892		25.1405		8.93797		1.43427
4.544		100.084		-90.1893		-28.6422		-0.458366		-90.1205		23.2532		25.1114		0.0940616		0.0888951		1.43353
4.576		99.72		-90.195		-28.6192		-0.469825		-90.1205		22.1092		18.7643		21.9846		7.06315		1.43343
4.608		99.72		-90.195		-28.5161		-0.498473		-90.1205		27.034		21.5593		0.0935616		0.938885		1.43287
4.64		99.4969		-90.1893		-28.4932		-0.521392		-90.1205		19.1328		20.6789		19.314		7.7863		1.43279
4.672		99.4969		-90.1893		-28.3843		-0.53858		-90.1205		23.3508		25.2796		0.0925909		0.432738		1.43222
4.704		99.2144		-90.1893		-28.3671		-0.555769		-90.1205		22.8746		19.1907		21.75		6.0225		1.43214
4.736		99.2144		-90.1893		-28.264		-0.584417		-90.1205		21.9874		21.8554		0.093668		1.21994		1.43158
4.768		99.0187		-90.1836		-28.2468		-0.607335		-90.1148		20.4295		21.3651		19.6316		7.58682		1.43151
4.8		99.0187		-90.1836		-28.138		-0.624524		-90.1148		23.53		25.643		0.0925935		0.699974		1.43093
4.832		98.7378		-90.1836		-28.1208		-0.641713		-90.1148		19.0585		19.419		21.1768		5.98525		1.43085
4.864		98.7378		-90.1836		-28.0291		-0.664631		-90.1148		21.9486		24.1163		0.0933046		2.69673		1.43046
4.896		98.5607		-90.1836		-28.0176		-0.687549		-90.1148		20.771		21.6465		19.1378		4.71697		1.4304
4.928		98.5607		-90.1836		-27.9317		-0.704738		-90.1091		23.7278		20.3817		0.320113		1.95283		1.42999
4.96		98.3428		-90.1836		-27.9145		-0.721927		-90.1091		19.649		20.0067		20.6266		5.03798		1.42993
4.992		98.3428		-90.1836		-27.8286		-0.744845		-90.1091		21.9431		24.358		0.0930986		2.98361		1.42954
5.024		98.1449		-90.1836		-27.8171		-0.756304		-90.1091		21.7066		18.1073		19.0174		3.5305		1.4295
5.056		97.9904		-90.1893		-27.7369		-0.773493		-90.1091		24.0154		20.3658		0.991865		2.18286		1.42909
5.088		97.5358		-90.1836		-27.5994		-0.773493		-90.1033		18.6746		21.063		1.92838		1.65772		1.42859
5.12		97.5358		-90.1836		-27.4218		-0.767763		-90.1033		21.5858		16.9119		3.60782		0.0884449		1.42784
5.152		96.7672		-90.1664		-27.3817		-0.762034		-90.0976		18.6448		13.8675		19.2553		16.1209		1.42768
5.184		96.7672		-90.1664		-27.2728		-0.773493		-90.0976		20.1097		21.9505		0.0929441		2.06317		1.42709
5.216		96.5166		-90.1721		-27.2671		-0.790682		-90.0976		20.2361		19.5516		19.404		6.00524		1.42703
5.248		96.5166		-90.1721		-27.1811		-0.807871		-90.0919		23.4754		19.9313		0.280676		1.46579		1.42647
5.28		96.3488		-90.1664		-27.1697		-0.825059		-90.0919		18.9941		18.4342		19.9383		5.35155		1.42642
5.312		96.3488		-90.1664		-27.0952		-0.842248		-90.0919		20.5182		22.8575		0.0935138		3.4801		1.42603
5.344		96.2187		-90.1721		-27.0894		-0.859437		-90.0919		20.6525		17.4839		18.083		3.19419		1.42601
5.376		96.0817		-90.1778		-27.015		-0.876625		-90.0919		19.0555		20.0886		0.891645		2.54425		1.42561
5.408		95.6824		-90.1721		-26.8946		-0.876625		-90.0862		19.0746		20.9895		2.20022		2.10604		1.42512
5.44		95.6824		-90.1721		-26.7399		-0.865166		-90.0862		21.3819		16.7678		4.49595		0.288206		1.42456
5.472		94.995		-90.1435		-26.7056		-0.865166		-90.0804		19.1891		14.2057		17.913		14.6369		1.42442
5.504		94.995		-90.1435		-26.6082		-0.870896		-90.0804		19.7452		21.8229		0.0930976		2.3763		1.42384
5.536		94.7432		-90.1549		-26.5967		-0.888085		-90.0804		20.0712		19.4656		19.1959		5.64435		1.42379
5.568		94.6074		-90.1606		-26.5279		-0.899544		-90.0747		22.7231		19.6197		1.2413		2.44474		1.4234
5.6		94.2466		-90.1549		-26.4191		-0.899544		-90.0747		18.0712		20.148		2.30327		2.15991		1.42292
5.632		94.2466		-90.1549		-26.2758		-0.882355		-90.0747		20.4278		22.8944		4.71958		0.0881051		1.42238
5.664		93.5283		-90.1377		-26.2415		-0.870896		-90.069		19.0929		13.9615		17.2009		13.44		1.42225
5.696		93.5283		-90.1377		-26.1441		-0.876625		-90.069		19.1036		20.818		0.0934022		2.23687		1.42167
5.728		93.2561		-90.1492		-26.1326		-0.888085		-90.069		19.7698		19.0475		18.8921		5.16738		1.42162
5.76		93.1329		-90.1492		-26.0581		-0.905273		-90.0632		21.7887		19.3985		0.602933		1.51755		1.42107
5.792		92.727		-90.1435		-25.9435		-0.899544		-90.0632		17.3466		19.4661		5.4345		3.05655		1.42054
5.824		92.727		-90.1435		-25.8003		-0.876625		-90.0632		19.4186		21.9934		4.10957		0.090563		1.42002
5.856		91.9891		-90.1263		-25.7659		-0.865166		-90.0575		22.5598		13.877		17.9602		12.7411		1.4199
5.888		91.9891		-90.1263		-25.68		-0.870896		-90.0575		18.64		20.3606		0.0937715		1.88645		1.41934
5.92		91.7561		-90.1377		-25.6685		-0.882355		-90.0575		19.5254		18.8936		18.7547		6.57855		1.41928
5.952		91.6127		-90.1492		-25.5998		-0.893814		-90.0575		20.835		25.0691		1.37173		1.92037		1.4189
5.984		91.2268		-90.1435		-25.4909		-0.888085		-90.0575		16.6525		18.6288		4.90278		2.39584		1.41838
6.016		90.7017		-90.1377		-25.3591		-0.870896		-90.0518		18.4305		21.3076		4.9464		2.90011		1.41799
6.048		90.1467		-90.1435		-25.2159		-0.853707		-90.0518		20.857		16.664		8.71522		1.20734		1.41756
6.08		90.8666		-90.132		-25.0784		-0.836518		-90.046		16.2727		19.5572		5.09713		2.63413		1.41728
6.112		90.7271		-90.132		-25.0383		-0.836518		-90.046		16.13		17.1484		14.1709		9.99938		1.41712
6.144		89.4455		-90.132		-25.0383		-0.836518		-90.046		20.0986		17.1226		5.10928		5.12798		1.4171
6.176		89.4455		-90.132		-25.0096		-0.825059		-90.046		18.0305		22.4085		5.36898		0.0905314		1.41709
6.208		89.2786		-90.1205		-25.0268		-0.807871		-90.046		25.0766		16.0255		13.7518		5.27472		1.41711
6.24		89.2564		-90.132		-25.0096		-0.807871		-90.046		16.808		20.0917		2.43856		4.07487		1.4171
6.272		89.13		-90.1377		-24.981		-0.802141		-90.046		17.9116		21.3659		5.13868		4.2799		1.41703
6.304		88.9062		-90.1377		-24.9294		-0.790682		-90.046		21.0647		16.2297		7.8053		1.79029		1.41693
6.336		88.6527		-90.132		-24.8721		-0.779223		-90.0403		16.0733		19.1562		4.06156		2.27475		1.41682
6.368		88.6128		-90.132		-24.8606		-0.779223		-90.0403		17.8408		18.8584		10.126		5.37458		1.41675
6.4		88.5687		-90.132		-24.8549		-0.773493		-90.0403		22.1751		16.9076		10.6792		3.94327		1.4167
6.432		88.4362		-90.132		-24.832		-0.762034		-90.0403		17.5042		21.7849		5.39603		2.78254		1.41667
6.464		88.2963		-90.1377		-24.8033		-0.750575		-90.0403		21.1232		16.1204		8.0454		1.52754		1.4166
6.496		88.129		-90.1377		-24.7632		-0.744845		-90.0403		16.0936		18.9437		4.46853		2.23577		1.41653
6.528		87.9016		-90.1377		-24.7117		-0.733386		-90.0403		18.63		23.001		8.0472		4.19908		1.41641
6.56		87.7183		-90.1377		-24.6658		-0.727656		-90.0403		22.0257		17.0665		10.4498		2.66545		1.41629
6.592		87.5156		-90.1435		-24.6143		-0.721927		-90.0403		16.9463		20.8		6.19524		3.45925		1.41618
6.624		87.3131		-90.1377		-24.5684		-0.710468		-90.0403		20.1254		15.8004		8.96631		2.26018		1.41608
6.656		88.4521		-90.1377		-24.5283		-0.710468		-90.0346		15.5712		18.8914		4.95028		2.86296		1.41597
6.688		88.4122		-90.1377		-24.5169		-0.710468		-90.0346		17.5831		19.9189		9.42737		4.56341		1.41592
6.72		87.1505		-90.1377		-24.5226		-0.710468		-90.0346		20.8001		17.3131		4.46528		2.71185		1.41593
6.752		88.4018		-90.132		-24.5169		-0.710468		-90.0346		17.0893		21.4276		6.08044		3.88005		1.41591
6.784		87.104		-90.132		-24.5169		-0.704738		-90.0346		20.0951		15.9852		9.12184		2.12098		1.41588
6.816		88.3212		-90.132		-24.5054		-0.699009		-90.0346		15.8081		19.0518		4.40984		2.73955		1.41586
6.848		88.3011		-90.132		-24.4997		-0.699009		-90.0346		18.7776		21.731		8.21891		6.99886		1.41582
6.88		87.0034		-90.132		-24.4997		-0.693279		-90.0346		22.1594		17.1242		10.2941		2.98952		1.41579
6.912		88.1846		-90.132		-24.4768		-0.687549		-90.0346		17.1707		21.2981		5.01554		2.42704		1.41561
6.944		86.867		-90.1377		-24.471		-0.68182		-90.0346		19.6631		15.7221		10.0138		2.65429		1.41557
6.976		86.7924		-90.1435		-24.4538		-0.67609		-90.0403		15.908		18.8636		4.32643		2.7582		1.41554
7.008		86.7172		-90.1435		-24.4367		-0.670361		-90.0403		18.6059		22.8655		7.13518		1.11669		1.41549
7.04		86.5837		-90.1377		-24.408		-0.658901		-90.0346		22.5212		16.9232		10.1122		2.24933		1.41542
7.072		87.8613		-90.1377		-24.4023		-0.664631		-90.0346		16.6627		19.2206		6.16567		6.69938		1.41538
7.104		86.5398		-90.1377		-24.3965		-0.658901		-90.0346		19.8152		15.906		8.86053		2.36868		1.41535
7.136		87.7774		-90.1377		-24.3851		-0.658901		-90.0346		15.8324		18.7929		4.26734		2.89307		1.41533
7.168		87.7773		-90.1377		-24.3851		-0.658901		-90.0346		18.482		21.4903		7.88472		7.25935		1.41528
7.2		86.4597		-90.1377		-24.3794		-0.653172		-90.0346		21.9868		16.934		10.0121		3.02946		1.41525
7.232		87.7531		-90.1377		-24.3794		-0.658901		-90.0346		17.1153		19.8897		5.42604		5.28896		1.41524
7.264		86.4554		-90.132		-24.3794		-0.653172		-90.0346		20.1212		15.8025		8.13609		2.22529		1.41523
7.296		86.42		-90.1435		-24.3679		-0.653172		-90.0403		15.848		18.7323		4.00701		2.77099		1.41521
7.328		87.5789		-90.1377		-24.345		-0.641713		-90.0346		18.385		23.193		6.69635		0.811978		1.41516
7.36		86.2413		-90.1377		-24.3392		-0.630254		-90.0346		21.1902		16.2763		11.3784		3.2251		1.4151
7.392		87.4361		-90.1377		-24.3221		-0.624524		-90.0346		16.9136		20.9294		5.51156		3.187		1.41507
7.424		86.1027		-90.1435		-24.3163		-0.613065		-90.0346		19.3612		15.4651		9.38254		2.23835		1.41503
7.456		87.3212		-90.1435		-24.2991		-0.613065		-90.0346		15.7585		18.6606		4.18193		2.61775		1.415
7.488		87.3212		-90.1435		-24.2991		-0.613065		-90.0346		18.223		21.2515		7.94988		7.23214		1.41496
7.52		86.0195		-90.1377		-24.2934		-0.613065		-90.0346		21.8286		16.8053		10.0457		2.90355		1.41493
7.552		87.2572		-90.1377		-24.2877		-0.607335		-90.0346		16.8923		20.7982		5.25367		3.27125		1.4149
7.584		85.9397		-90.1377		-24.282		-0.601606		-90.0346		19.44		15.4694		8.93912		2.2016		1.41487
7.616		87.1582		-90.1377		-24.2648		-0.601606		-90.0346		15.7664		18.5314		3.97425		2.61984		1.41485
7.648		87.1581		-90.1377		-24.2648		-0.601606		-90.0346		18.171		21.1543		7.78752		7.20346		1.41481
7.68		85.8405		-90.1377		-24.259		-0.595876		-90.0346		21.7895		16.6967		9.91393		2.92642		1.41478
7.712		87.0746		-90.1377		-24.2476		-0.595876		-90.0346		16.8664		20.6827		5.09015		3.22113		1.41475
7.744		85.8051		-90.1435		-24.2533		-0.590147		-90.0346		20.4668		22.2873		8.7277		3.12551		1.41473
7.776		87.0776		-90.1377		-24.2476		-0.595876		-90.0346		15.791		18.189		3.57135		2.7255		1.41473
7.808		87.0577		-90.1377		-24.2418		-0.595876		-90.0346		18.361		21.1368		7.27541		6.86456		1.41469
7.84		87.0872		-90.1148		-24.2533		-0.595876		-90.0346		20.4192		17.0319		14.681		2.22081		1.41473
7.872		87.1292		-90.132		-24.259		-0.601606		-90.0346		16.9149		19.9231		3.32994		4.13874		1.41473
7.904		85.8314		-90.132		-24.259		-0.595876		-90.0346		19.6151		15.7968		4.87338		1.73217		1.41473
7.936		85.7549		-90.1377		-24.2418		-0.590147		-90.0346		15.6691		18.2742		4.76858		2.56003		1.41469
7.968		86.9728		-90.132		-24.2247		-0.590147		-90.0346		18.2957		22.3535		6.79383		3.58667		1.41465
8		85.6552		-90.132		-24.2189		-0.584417		-90.0346		20.2251		16.413		8.1558		2.71023		1.41462
8.032		85.6002		-90.1377		-24.2075		-0.578687		-90.0346		16.6166		20.4881		2.99723		2.78251		1.4146
8.064		86.758		-90.132		-24.1845		-0.567228		-90.0346		20.4916		23.7602		8.27131		1.47034		1.41454
8.096		85.4086		-90.1377		-24.1674		-0.561499		-90.0346		15.6314		17.016		10.5414		4.84431		1.41446
8.128		85.4086		-90.1377		-24.1616		-0.567228		-90.0346		17.9357		20.5763		6.71093		7.21961		1.41441
8.16		85.3645		-90.1377		-24.1616		-0.555769		-90.0346		21.6245		16.6225		9.8541		2.80436		1.41438
8.192		85.2852		-90.1377		-24.1444		-0.550039		-90.0346		16.6861		20.1623		4.56656		3.10183		1.41435
8.224		85.194		-90.1435		-24.1273		-0.53858		-90.0346		20.3206		23.5805		8.04284		1.39427		1.41429
8.256		85.0547		-90.1492		-24.0986		-0.527121		-90.0403		15.3661		17.8488		10.18		2.81677		1.41421
8.288		86.1748		-90.1435		-24.0642		-0.515662		-90.0346		17.7426		22.2219		6.53408		3.24825		1.41411
8.32		84.8374		-90.1492		-24.0528		-0.509932		-90.0346		19.9942		16.0995		11.7109		3.31651		1.41405
8.352		86.0365		-90.1492		-24.0356		-0.504203		-90.0346		16.5037		20.0256		5.23168		3.06396		1.41401
8.384		84.6989		-90.1492		-24.0299		-0.492744		-90.0346		18.6655		15.3558		9.19325		2.00826		1.41397
8.416		84.6664		-90.1492		-24.0184		-0.492744		-90.0346		23.7345		18.2141		4.33349		1.80499		1.41394
8.448		85.8466		-90.1435		-23.9955		-0.487014		-90.0289		17.6634		22.5088		6.97215		3.49612		1.41387
8.48		84.5291		-90.1492		-23.9897		-0.481285		-90.0289		20.264		16.2227		10.9567		2.84212		1.41381
8.512		84.4748		-90.1492		-23.9726		-0.481285		-90.0289		16.5222		20.4097		5.14955		2.59395		1.41377
8.544		84.3592		-90.1492		-23.9496		-0.469825		-90.0289		19.6909		23.5539		8.22989		1.33327		1.41371
8.576		84.3049		-90.1492		-23.9324		-0.469825		-90.0289		15.2177		17.7461		3.92674		2.40673		1.41367
8.608		85.4853		-90.1492		-23.9038		-0.469825		-90.0289		17.6468		21.6352		7.08526		5.039		1.41359
8.64		84.1636		-90.1435		-23.8981		-0.464096		-90.0289		19.9542		16.354		11.0293		2.98288		1.41354
8.672		85.3812		-90.1435		-23.8809		-0.464096		-90.0289		16.2647		19.8103		5.07095		3.45622		1.4135
8.704		85.401		-90.1435		-23.8866		-0.464096		-90.0289		19.6187		21.8555		8.80936		2.70077		1.41348
8.736		84.143		-90.1435		-23.8923		-0.464096		-90.0289		22.1426		17.9897		4.61953		2.38279		1.41349
8.768		84.1621		-90.1492		-23.8981		-0.464096		-90.0346		17.7988		21.5855		6.59707		4.79241		1.41348
8.8		84.1233		-90.1549		-23.8923		-0.458366		-90.0346		22.1113		16.5422		8.70175		2.10799		1.41345
8.832		84.0875		-90.1492		-23.8809		-0.458366		-90.0289		16.4214		19.9674		4.71865		2.70438		1.41341
8.864		83.9943		-90.1492		-23.858		-0.452637		-90.0289		19.4999		23.5012		8.45496		4.64071		1.41333
8.896		83.8958		-90.1492		-23.835		-0.446907		-90.0289		22.8298		17.5547		10.8083		2.91469		1.41325
8.928		83.8031		-90.1492		-23.8121		-0.441178		-90.0289		17.432		21.7194		6.37339		3.63709		1.41318
8.96		83.7092		-90.1492		-23.7892		-0.435448		-90.0289		20.9578		16.4158		9.40346		2.05348		1.4131
8.992		83.6166		-90.1435		-23.7606		-0.435448		-90.0231		16.131		19.423		5.21283		3.18272		1.41303
9.024		84.7989		-90.1492		-23.7376		-0.429718		-90.0231		18.7926		22.6959		8.24243		1.67592		1.41296
9.056		83.5172		-90.1435		-23.7376		-0.429718		-90.0231		20.2888		17.4236		5.30518		3.03673		1.41295
9.088		83.4789		-90.1492		-23.7319		-0.423989		-90.0289		17.5325		21.582		6.65798		4.39759		1.41291
9.12		83.4405		-90.1435		-23.7205		-0.423989		-90.0231		21.3258		16.3974		9.13529		2.05306		1.41287
9.152		83.4042		-90.1435		-23.709		-0.423989		-90.0231		16.1436		19.5186		4.87986		3.19241		1.41283
9.184		84.6223		-90.1435		-23.6918		-0.423989		-90.0231		19.0666		22.8493		8.33939		5.6688		1.41276
9.216		83.3408		-90.1492		-23.6975		-0.418259		-90.0231		20.6278		17.5853		4.82928		2.82229		1.41276
9.248		83.3225		-90.1492		-23.6918		-0.418259		-90.0231		17.466		21.7744		6.58586		3.88039		1.41272
9.28		83.264		-90.1492		-23.6803		-0.41253		-90.0231		21.2989		16.2278		8.9488		2.21748		1.41268
9.312		83.2276		-90.1435		-23.6689		-0.41253		-90.0231		16.1115		19.3617		4.65681		3.05801		1.41264
9.344		83.173		-90.1435		-23.6517		-0.41253		-90.0231		18.9683		22.9859		8.3108		5.14884		1.41257
9.376		83.0968		-90.1492		-23.6345		-0.4068		-90.0231		22.4839		17.2748		10.5731		3.05753		1.41251
9.408		83.0419		-90.1492		-23.6173		-0.4068		-90.0231		17.1454		21.3927		6.09324		4.06379		1.41245
9.44		82.9656		-90.1492		-23.6001		-0.40107		-90.0231		20.802		16.0911		9.04329		2.26285		1.41239
9.472		82.9105		-90.1492		-23.5829		-0.40107		-90.0231		15.9058		19.0623		4.82898		3.28792		1.41234
9.504		82.9105		-90.1492		-23.5658		-0.395341		-90.0231		18.5946		22.5384		7.56947		0.421302		1.4123
9.536		82.832		-90.132		-23.5887		-0.378152		-90.0174		24.8588		16.8103		15.073		5.14893		1.41233
9.568		82.8939		-90.1435		-23.6001		-0.378152		-90.0174		17.0029		20.327		3.42267		7.17559		1.41234
9.6		84.1902		-90.1435		-23.6116		-0.372423		-90.0174		18.9435		21.8054		6.05107		0.971687		1.41237
9.632		84.165		-90.1435		-23.6116		-0.366693		-90.0174		22.5693		17.236		9.23621		2.2027		1.41236
9.664		82.89		-90.1549		-23.6173		-0.360963		-90.0231		17.2065		20.1975		5.47924		4.99676		1.41235
9.696		82.8662		-90.1549		-23.6173		-0.355234		-90.0231		21.0331		15.9035		7.78118		1.97579		1.41233
9.728		82.8294		-90.1549		-23.6059		-0.355234		-90.0231		15.9243		18.7378		4.04998		2.83223		1.4123
9.76		82.7667		-90.1492		-23.5887		-0.355234		-90.0231		18.4349		22.7211		7.41742		5.05722		1.41223
9.792		82.6915		-90.1549		-23.5715		-0.349504		-90.0231		22.1211		16.8545		9.94327		2.69601		1.41216
9.824		83.8666		-90.1435		-23.5486		-0.343775		-90.0174		16.824		20.6598		5.51435		4.03386		1.4121
9.856		82.5292		-90.1435		-23.5371		-0.338045		-90.0174		19.1476		15.4755		9.60962		2.63253		1.41205
9.888		83.7662		-90.1435		-23.5256		-0.338045		-90.0174		15.6624		18.5829		4.22796		2.94447		1.41202
9.92		82.4929		-90.1492		-23.5256		-0.338045		-90.0231		18.4915		21.2866		7.73222		7.25725		1.41198
9.952		82.4507		-90.1435		-23.5199		-0.332316		-90.0174		22.5525		16.8387		9.40763		2.84862		1.41193
9.984		82.4145		-90.1435		-23.5085		-0.332316		-90.0174		16.7832		20.7639		5.27087		3.95678		1.4119
10.016		82.3373		-90.1435		-23.4913		-0.326586		-90.0174		20.3942		15.4798		8.11632		2.25989		1.41185
10.048		82.298		-90.1435		-23.4798		-0.326586		-90.0174		15.5552		18.4445		4.07141		2.92416		1.41181
10.08		83.5126		-90.1435		-23.4626		-0.326586		-90.0174		18.1435		22.2503		7.40534		5.76267		1.41174
10.112		82.1952		-90.1435		-23.4569		-0.320856		-90.0174		21.2065		16.4453		10.7821		3.28758		1.4117
10.144		82.1385		-90.1435		-23.4454		-0.315127		-90.0174		16.672		20.7311		5.31073		3.78		1.41166
10.176		82.1006		-90.1492		-23.4397		-0.309397		-90.0174		20.3305		15.3749		8.20063		2.21005		1.41162
10.208		82.0446		-90.1492		-23.4225		-0.309397		-90.0174		15.4503		18.3963		4.03285		2.85676		1.41159
10.24		82.0095		-90.1492		-23.4111		-0.309397		-90.0174		18.0748		22.4425		7.42869		5.20177		1.41152
10.272		81.9286		-90.1435		-23.3939		-0.303668		-90.0174		22.0323		16.4133		9.8226		2.96678		1.41146
10.304		81.8929		-90.1435		-23.3824		-0.303668		-90.0174		16.4491		20.4421		5.28328		4.0951		1.41141
10.336		81.8354		-90.1435		-23.3709		-0.297938		-90.0174		20.1136		15.2345		8.23718		2.37188		1.41136
10.368		81.7993		-90.1435		-23.3595		-0.297938		-90.0174		15.2849		18.2022		3.96511		3.0165		1.41132
10.4		83.0174		-90.1435		-23.3423		-0.297938		-90.0174		17.8747		22.2604		7.38705		5.51508		1.41125
10.432		81.696		-90.1435		-23.3366		-0.292208		-90.0174		20.9896		16.333		10.5885		3.18453		1.41121
10.464		81.6784		-90.1435		-23.3308		-0.292208		-90.0174		16.3992		20.4319		5.16257		3.91799		1.41118
10.496		81.6438		-90.1492		-23.3251		-0.286479		-90.0174		20.1943		15.2028		8.14876		2.18223		1.41114
10.528		81.6069		-90.1492		-23.3137		-0.286479		-90.0174		15.2245		18.1449		3.80826		2.96491		1.41111
10.56		81.5665		-90.1435		-23.3022		-0.286479		-90.0174		17.896		22.1929		7.2079		5.47801		1.41105
10.592		81.5288		-90.1435		-23.2965		-0.280749		-90.0117		21.8528		16.2588		9.68211		2.89957		1.41099
10.624		81.4922		-90.1435		-23.285		-0.280749		-90.0117		16.2394		20.1762		5.01021		4.14992		1.41095
10.656		82.7068		-90.1435		-23.2735		-0.27502		-90.0117		19.8095		23.5735		8.53346		2.03863		1.41091
10.688		81.4293		-90.1492		-23.2793		-0.26929		-90.0174		21.9384		17.6677		4.8816		2.89905		1.41091
10.72		81.4055		-90.1492		-23.2793		-0.263561		-90.0174		17.7365		22.1014		7.11397		4.76427		1.41088
10.752		81.3853		-90.1492		-23.2793		-0.257831		-90.0174		22.0013		16.4194		9.48805		2.57128		1.41084
10.784		81.3668		-90.1492		-23.2735		-0.257831		-90.0174		16.4713		20.0358		4.88765		3.8017		1.41082
10.816		81.3317		-90.1549		-23.2678		-0.252101		-90.0174		19.9737		15.1772		7.86064		2.11068		1.41078
10.848		81.2681		-90.1492		-23.2564		-0.246372		-90.0117		15.2393		17.8454		9.92469		3.45908		1.41072
10.88		81.2126		-90.1492		-23.2392		-0.246372		-90.0117		17.6724		21.8944		6.37254		5.00109		1.41066
10.912		81.1749		-90.1492		-23.2334		-0.240642		-90.0117		21.5748		16.1569		9.452		2.71394		1.41061
10.944		81.1344		-90.1492		-23.222		-0.240642		-90.0117		16.218		19.9083		5.08361		3.90618		1.41057
10.976		81.056		-90.1492		-23.2105		-0.229183		-90.0117		19.5949		23.2404		8.03399		0.772838		1.41054
11.008		81.0596		-90.1492		-23.2105		-0.229183		-90.0117		23.1431		17.4489		4.28792		2.45469		1.41053
11.04		81.0411		-90.1492		-23.2048		-0.229183		-90.0117		17.5454		21.764		6.82164		5.19744		1.41048
11.072		81.0016		-90.1492		-23.1933		-0.229183		-90.0117		21.5742		16.2408		9.33177		2.69731		1.41044
11.104		80.9837		-90.1492		-23.1876		-0.229183		-90.0117		16.3198		19.7		4.77771		4.06789		1.4104
11.136		80.9444		-90.1492		-23.1819		-0.223454		-90.0117		19.4857		22.9421		7.83607		0.664284		1.41037
11.168		82.1331		-90.1492		-23.1704		-0.211994		-90.0117		15.0956		17.5622		10.0253		3.20454		1.41031
11.2		82.1172		-90.1492		-23.1647		-0.211994		-90.0117		17.5884		20.4624		6.37071		6.4244		1.41028
11.232		80.8188		-90.1549		-23.1647		-0.206265		-90.0117		21.1393		16.3995		9.39758		2.6218		1.41025
11.264		80.7846		-90.1549		-23.1532		-0.206265		-90.0117		16.3559		19.9855		4.27437		2.41992		1.41007
11.296		80.7246		-90.1549		-23.136		-0.206265		-90.0117		19.5626		23.0405		8.81284		6.43705		1.41
11.328		80.6672		-90.1549		-23.1246		-0.200535		-90.0117		23.0606		17.4011		10.776		3.2507		1.40994
11.36		80.6069		-90.1549		-23.1131		-0.194806		-90.0117		17.36		21.3859		6.20526		4.63565		1.40989
11.392		80.5892		-90.1549		-23.1074		-0.194806		-90.0117		21.3516		16.1533		9.03059		2.54382		1.40985
11.424		81.781		-90.1549		-23.0845		-0.194806		-90.0117		30.4922		19.5553		4.33729		3.6968		1.4098
11.456		81.6836		-90.1549		-23.0673		-0.183346		-90.0117		28.7912		22.6626		6.92958		0.811097		1.40974
11.488		81.6033		-90.1549		-23.0501		-0.177617		-90.0117		32.6655		16.8389		10.1144		4.20136		1.40968
11.52		81.606		-90.1606		-23.0444		-0.183346		-90.0117		27.9547		19.8705		5.90678		6.99729		1.40964
11.552		81.5815		-90.1549		-23.0386		-0.183346		-90.0117		30.8589		16.0558		7.86016		1.96413		1.40961
11.584		81.5984		-90.1549		-23.0444		-0.183346		-90.0117		14.31		18.7648		5.08265		4.40846		1.4096
11.616		81.6194		-90.1549		-23.0501		-0.183346		-90.0117		10.3435		21.3144		6.8586		1.64821		1.40961
11.648		81.5937		-90.1549		-23.0558		-0.171887		-90.0117		13.3531		17.3742		9.70139		2.75261		1.40958
11.68		81.5926		-90.1549		-23.0558		-0.171887		-90.0117		34.3754		20.4577		6.05208		5.29706		1.40957
11.712		81.568		-90.1606		-23.0558		-0.166158		-90.0117		27.1578		16.0434		8.12405		2.27962		1.40955
11.744		81.5638		-90.1549		-23.0616		-0.160428		-90.0117		27.625		18.6832		5.26164		3.98883		1.40955
11.776		81.5633		-90.1492		-23.0616		-0.160428		-90.0059		20.566		22.1658		7.53012		6.38676		1.40953
11.808		81.5591		-90.1492		-23.0673		-0.154699		-90.0059		21.8902		17.3325		10.4373		2.92588		1.40952
11.84		81.579		-90.1492		-23.073		-0.154699		-90.0059		16.9514		20.6115		5.88184		5.11497		1.40952
11.872		81.5579		-90.1492		-23.0787		-0.143239		-90.0059		20.9549		16.1752		9.08504		2.13472		1.40951
11.904		81.6015		-90.1492		-23.0959		-0.13751		-90.0059		24.7746		19.5389		5.72453		2.84276		1.40953
11.936		81.5975		-90.1549		-23.1017		-0.13178		-90.0059		20.3353		22.7153		7.50619		4.94392		1.40952
11.968		80.3278		-90.1606		-23.1074		-0.126051		-90.0117		23.2157		17.4405		10.4489		2.45317		1.4095
12		80.2919		-90.1606		-23.1017		-0.120321		-90.0117		17.4457		21.5196		5.61255		3.1391		1.40948
12.032		80.216		-90.1606		-23.0845		-0.114592		-90.0117		21.9041		15.9589		8.18884		1.87469		1.40943
12.064		80.1787		-90.1664		-23.0673		-0.120321		-90.0117		16.0644		18.9995		4.39994		2.88263		1.40938
12.096		81.3836		-90.1549		-23.0444		-0.120321		-90.0059		19.3251		22.6654		7.57167		5.36814		1.40929
12.128		81.3475		-90.1549		-23.0386		-0.114592		-90.0059		21.2391		16.8829		11.7022		3.77369		1.40923
12.16		80.0945		-90.1606		-23.0386		-0.120321		-90.0117		17.1519		20.189		5.86729		5.51592		1.40921
12.192		80.0325		-90.1549		-23.0272		-0.114592		-90.0059		21.6978		15.9127		7.817		2.21714		1.40918
12.224		80.0172		-90.1549		-23.0157		-0.120321		-90.0059		16.0772		18.9303		4.16909		3.03951		1.40915
12.256		79.9674		-90.1549		-22.9985		-0.120321		-90.0059		19.0703		22.6943		7.33988		5.44294		1.40907
12.288		79.8924		-90.1549		-22.9813		-0.114592		-90.0059		22.6473		16.8892		9.9132		2.98966		1.409
12.32		79.8186		-90.1549		-22.9584		-0.114592		-90.0059		17.0313		20.8249		5.5659		4.41931		1.40893
12.352		79.763		-90.1549		-22.9412		-0.114592		-90.0059		20.756		15.6153		8.50496		2.45644		1.40887
12.384		79.7084		-90.1492		-22.924		-0.114592		-90.0059		15.7939		18.5656		4.28223		3.29967		1.40881
12.416		79.6542		-90.1492		-22.9069		-0.114592		-90.0059		18.5119		22.4072		7.62386		5.90489		1.40873
12.448		79.598		-90.1492		-22.8897		-0.114592		-90.0059		22.2025		16.7174		10.1211		3.1947		1.40866
12.48		79.5465		-90.1549		-22.8782		-0.108862		-90.0059		16.8327		20.6643		5.5229		4.56251		1.40861
12.512		79.489		-90.1549		-22.861		-0.108862		-90.0059		20.5506		15.4809		8.51413		2.57701		1.40856
12.544		79.4525		-90.1549		-22.8496		-0.108862		-90.0059		15.6591		18.4924		4.1758		3.35402		1.40852
12.576		79.4162		-90.1549		-22.8381		-0.108862		-90.0059		18.4184		22.4116		7.51574		5.97281		1.40846
12.608		79.3821		-90.1549		-22.8324		-0.103132		-90.0059		22.2383		16.6045		9.98696		3.21222		1.4084
12.64		79.3647		-90.1549		-22.8266		-0.103132		-90.0059		16.7499		20.6163		5.3553		4.47467		1.40836
12.672		79.3057		-90.1549		-22.8152		-0.0974028		-90.0059		20.5499		15.3849		8.3567		2.56061		1.40832
12.704		79.2878		-90.1492		-22.8095		-0.0974028		-90.0059		15.6038		18.4344		3.99753		3.30855		1.4083
12.736		79.2747		-90.1492		-22.8037		-0.0974028		-90.0059		18.4005		22.416		7.37531		5.91665		1.40824
12.768		79.2359		-90.1549		-22.798		-0.0916732		-90.0059		22.3053		16.5026		9.84823		3.17335		1.40819
12.8		79.2181		-90.1549		-22.7923		-0.0916732		-90.0059		16.6965		20.5371		5.17747		4.37788		1.40816
12.832		79.1786		-90.1549		-22.7865		-0.0859437		-90.0059		20.5309		15.2906		8.23952		2.53101		1.40812
12.864		79.1808		-90.1549		-22.7808		-0.0916732		-90.0059		15.5564		18.3339		3.83105		3.26611		1.4081
12.896		79.1474		-90.1549		-22.7751		-0.0859437		-90.0059		18.3413		22.3074		7.27923		5.90525		1.40804
12.928		79.1286		-90.1549		-22.7693		-0.0859437		-90.0059		22.3103		16.3975		9.75862		3.15412		1.408
12.96		79.0948		-90.1549		-22.7636		-0.0802141		-90.0059		16.634		20.4252		5.02078		4.33106		1.40796
12.992		79.0519		-90.1549		-22.7579		-0.0744845		-90.0059		20.4505		15.1568		7.98701		1.46873		1.40793
13.024		79.0339		-90.1549		-22.7522		-0.0744845		-90.0059		15.4947		18.2245		3.70953		3.1037		1.40791
13.056		79.0006		-90.1549		-22.7407		-0.0744845		-90.0059		18.2617		22.1999		7.25841		5.91051		1.40785
13.088		78.9617		-90.1549		-22.735		-0.0687549		-90.0059		22.243		16.2961		9.73685		3.11208		1.4078
13.12		78.9479		-90.1549		-22.7292		-0.0687549		-90.0059		16.5657		20.3175		4.89144		4.357		1.40776
13.152		78.9091		-90.1549		-22.7235		-0.0630254		-90.0059		20.3789		15.0565		7.92611		1.37403		1.40773
13.184		78.8491		-90.1606		-22.7178		-0.0515662		-90.0059		15.3787		18.113		10.2176		3.66431		1.40767
13.216		78.7964		-90.1606		-22.7063		-0.0458366		-90.0059		18.0654		22.1114		6.44077		5.40647		1.40762
13.248		78.7577		-90.1606		-22.7006		-0.040107		-90.0059		22.1171		16.2134		9.64323		2.90668		1.40757
13.28		78.744		-90.1606		-22.6949		-0.040107		-90.0059		16.4856		20.2744		5.11162		4.17473		1.40754
13.312		78.7212		-90.1664		-22.6949		-0.0343775		-90.0059		20.3194		14.9955		7.75856		1.21638		1.40751
13.344		78.7071		-90.1606		-22.6891		-0.0343775		-90.0059		15.366		18.0664		3.70201		3.00939		1.40749
13.376		78.6896		-90.1606		-22.6834		-0.0343775		-90.0059		18.1199		22.031		6.93255		5.93978		1.40743
13.408		78.6707		-90.1606		-22.6777		-0.0343775		-90.0059		22.1056		16.1273		9.45849		3.05939		1.40738
13.44		78.6387		-90.1721		-22.6719		-0.0286479		-90.0059		16.4091		20.0133		4.57992		9.26168		1.40737
13.472		78.6178		-90.1606		-22.6662		-0.0286479		-90.0059		20.2895		14.9495		8.0654		2.73344		1.40732
13.504		78.5382		-90.1664		-22.6548		-0.0171887		-90.0059		15.2431		17.897		9.79966		2.24871		1.40727
13.536		78.5056		-90.1606		-22.649		-0.0114592		-90.0059		17.8975		21.8837		6.20842		3.70462		1.40723
13.568		78.4667		-90.1664		-22.6433		-0.00572958		-90.0059		21.982		16.0467		9.50709		2.70034		1.40718
13.6		78.4723		-90.1664		-22.6433		-0.00572958		-90.0059		16.4333		19.7076		4.81287		4.16547		1.40716
13.632		78.4584		-90.1664		-22.6376		-0.00572958		-90.0059		20.1497		23.5617		8.4022		6.39013		1.4071
13.664		78.4175		-90.1664		-22.6318		0		-90.0059		15.2279		17.5215		9.82841		3.74229		1.40705
13.696		78.4044		-90.1606		-22.6261		0		-90.0059		17.8633		21.7184		6.25636		5.30851		1.407
13.728		78.4055		-90.1606		-22.6204		0.00572958		-90.0059		21.9416		16.163		9.17057		2.83662		1.40696
13.76		78.3876		-90.1606		-22.6146		0.00572958		-90.0059		16.294		19.8209		4.89094		3.90327		1.40694
13.792		78.3889		-90.1664		-22.6089		0.0114592		-90.0059		20.1241		14.9056		7.35766		1.09963		1.40691
13.824		78.3926		-90.1664		-22.6032		0.0171887		-90.0059		15.1266		17.6555		9.65307		3.40161		1.40685
13.856		78.376		-90.1664		-22.5975		0.0171887		-90.0059		17.7649		21.7037		6.24067		5.27266		1.4068
13.888		78.3773		-90.1721		-22.5917		0.0229183		-90.0059		21.8256		15.985		9.14981		2.77823		1.40676
13.92		78.3635		-90.1664		-22.586		0.0229183		-90.0059		16.2033		19.8156		4.84043		3.94938		1.40673
13.952		78.3721		-90.1664		-22.5803		0.0286479		-90.0059		19.8395		23.1443		7.61144		0.668419		1.40671
13.984		78.4127		-90.1721		-22.5803		0.040107		-90.0059		23.3954		17.2945		10.7358		2.94209		1.40666
14.016		78.418		-90.1664		-22.5745		0.0458366		-90.0059		17.5253		21.606		6.17396		4.86321		1.40663
14.048		78.4178		-90.1664		-22.5745		0.0458366		-90.0059		21.7776		16.0848		9.04775		2.57312		1.4066
14.08		78.3991		-90.1664		-22.5688		0.0458366		-90.0059		16.3889		19.6592		4.7665		3.83734		1.40657
14.112		78.374		-90.1721		-22.5631		0.0458366		-90.0059		19.8927		14.9462		7.65064		6.62496		1.40652
14.144		78.3579		-90.1664		-22.5573		0.0458366		-90.0059		15.1853		17.5192		9.2097		3.83898		1.40646
14.176		78.3215		-90.1664		-22.5459		0.0458366		-90.0059		17.5826		21.4508		5.95274		5.32876		1.40641
14.208		78.3072		-90.1664		-22.5402		0.0458366		-90.0059		21.5901		15.8244		8.76073		2.86307		1.40637
14.24		78.29		-90.1664		-22.5344		0.0458366		-90.0059		16.1492		19.5286		4.58534		3.79414		1.40634
14.272		78.299		-90.1664		-22.5287		0.0515662		-90.0059		19.5549		22.9403		7.32642		0.752619		1.40631
14.304		78.32		-90.1721		-22.523		0.0630254		-90.0059		23.1182		17.1006		10.526		2.85689		1.40626
14.336		78.3255		-90.1664		-22.523		0.0630254		-90.0059		17.4091		21.4385		5.93676		4.81827		1.40623
14.368		78.3258		-90.1721		-22.5172		0.0687549		-90.0059		21.5484		15.8972		8.89014		2.56908		1.40619
14.4		78.3273		-90.1721		-22.5172		0.0687549		-90.0059		16.2654		19.3968		4.53444		3.68323		1.40617
14.432		78.3135		-90.1721		-22.5115		0.0687549		-90.0059		19.5063		22.8652		7.79746		6.16698		1.40611
14.464		78.2927		-90.1721		-22.5001		0.0744845		-90.0059		15.0731		17.2416		9.29998		3.4263		1.40606
14.496		78.26		-90.1664		-22.4886		0.0744845		-90.0059		17.4388		21.1465		5.79734		5.02261		1.40601
14.528		78.2374		-90.1721		-22.4829		0.0744845		-90.0059		21.4414		15.8498		8.72631		2.73238		1.40597
14.56		78.2237		-90.1664		-22.4771		0.0744845		-90.0059		16.0308		19.1499		4.406		3.60778		1.40594
14.592		78.2324		-90.1664		-22.4714		0.0802141		-90.0059		19.3789		22.512		7.1703		0.586332		1.40592
14.624		78.2731		-90.1721		-22.4714		0.0916732		-90.0059		23.056		17.0498		10.4144		2.75701		1.40587
14.656		78.2587		-90.1721		-22.4657		0.0916732		-90.0059		17.2776		21.1402		5.72155		4.77287		1.40583
14.688		78.2953		-90.1836		-22.4657		0.103132		-90.0117		21.3899		15.7842		8.56184		1.34144		1.4058
14.72		78.2607		-90.1836		-22.4599		0.0974028		-90.0117		16.1402		19.1184		4.33783		3.48263		1.40578
14.752		78.2626		-90.1836		-22.4542		0.103132		-90.0117		19.3455		22.6253		7.68797		6.13509		1.40572
14.784		78.2471		-90.1778		-22.4485		0.103132		-90.0117		22.8625		17.0024		10.1253		3.24635		1.40568
14.816		78.2489		-90.1778		-22.4485		0.103132		-90.0117		17.3205		21.0442		5.49513		4.79954		1.40564
14.848		78.2496		-90.1778		-22.4428		0.108862		-90.0117		21.2866		15.7002		8.29273		1.48706		1.40561
14.88		78.2314		-90.1778		-22.437		0.108862		-90.0117		16.1448		18.9541		4.15724		3.42387		1.40559
14.912		78.2178		-90.1778		-22.4313		0.108862		-90.0117		19.1714		22.5093		7.53671		6.1621		1.40553
14.944		78.1986		-90.1778		-22.4256		0.108862		-90.0117		22.6806		16.8938		9.99471		3.23303		1.40548
14.976		78.1807		-90.1778		-22.4198		0.108862		-90.0117		17.2744		20.8902		5.34304		4.70562		1.40544
15.008		78.1819		-90.1836		-22.4141		0.114592		-90.0117		21.1519		15.5933		8.21374		1.52892		1.40541
15.04		78.1638		-90.1836		-22.4084		0.114592		-90.0117		16.0884		18.8005		4.0206		3.35094		1.40538
15.072		78.1502		-90.1778		-22.4027		0.114592		-90.0117		19.0191		22.4239		7.46698		6.16424		1.40532
15.104		78.1512		-90.1778		-22.3969		0.120321		-90.0117		22.5719		16.7791		9.93138		3.23988		1.40527
15.136		78.1373		-90.1778		-22.3912		0.120321		-90.0117		17.2007		20.7571		5.20798		4.63263		1.40523
15.168		78.1384		-90.1778		-22.3855		0.126051		-90.0117		21.0444		15.4871		8.15155		1.52588		1.4052
15.2		78.1203		-90.1778		-22.3797		0.126051		-90.0117		16.0189		18.6712		3.89105		3.29947		1.40517
15.232		78.083		-90.1778		-22.3683		0.126051		-90.0117		18.9023		22.3651		7.39952		6.17454		1.40511
15.264		78.088		-90.1836		-22.3625		0.13178		-90.0117		22.5157		16.6679		9.86899		3.2385		1.40505
15.296		78.0702		-90.1836		-22.3568		0.13178		-90.0117		17.1223		20.6383		5.07346		4.58025		1.40502
15.328		78.0712		-90.1836		-22.3511		0.13751		-90.0117		20.9564		15.3832		8.07968		1.50278		1.40498
15.36		78.0333		-90.1836		-22.3454		0.13178		-90.0117		15.9464		18.5511		3.76008		3.26026		1.40496
15.392		78.0395		-90.1778		-22.3396		0.13751		-90.0117		18.8009		22.3158		7.32553		6.18845		1.40489
15.424		78.0205		-90.1778		-22.3339		0.13751		-90.0117		22.48		16.5586		9.80035		3.23133		1.40484
15.456		78.0227		-90.1836		-22.3282		0.143239		-90.0117		17.0421		20.5232		4.93672		4.53446		1.4048
15.488		78.0038		-90.1836		-22.3224		0.143239		-90.0117		20.8734		15.2804		8.0051		1.46922		1.40477
15.52		78.0274		-90.1836		-22.3167		0.154699		-90.0117		15.8205		18.455		10.2953		3.79594		1.4047
15.552		78.0146		-90.1836		-22.3052		0.160428		-90.0117		18.5912		22.2932		6.49875		5.62271		1.40465
15.584		78.0156		-90.1836		-22.2995		0.166158		-90.0117		22.4304		16.4756		9.71683		3.01715		1.4046
15.616		78.0176		-90.1836		-22.2995		0.166158		-90.0117		16.9564		20.4872		5.16042		4.29114		1.40457
15.648		78.0185		-90.1836		-22.2938		0.171887		-90.0117		20.8132		15.2242		7.84502		1.3187		1.40454
15.68		78.0005		-90.1893		-22.2881		0.171887		-90.0174		15.8075		18.3925		3.75382		3.11683		1.40452
15.712		77.9868		-90.1893		-22.2823		0.171887		-90.0174		18.6514		22.28		7		6.12345		1.40446
15.744		77.9676		-90.1893		-22.2766		0.171887		-90.0174		22.4535		16.3914		9.5317		3.16139		1.40441
15.776		77.9734		-90.1836		-22.2766		0.171887		-90.0174		16.8976		20.3639		4.81875		4.44361		1.40438
15.808		77.9704		-90.1893		-22.2709		0.177617		-90.0174		20.7403		15.1199		7.74807		1.33892		1.40435
15.84		77.9542		-90.1893		-22.2594		0.183346		-90.0174		15.6856		18.2693		10.0333		3.73751		1.40429
15.872		77.9614		-90.195		-22.2537		0.189076		-90.0174		18.42		22.1701		6.32753		5.61222		1.40423
15.904		77.9624		-90.195		-22.248		0.194806		-90.0174		22.3827		16.2989		9.50662		2.97033		1.40419
15.936		77.9644		-90.195		-22.248		0.194806		-90.0174		16.8029		20.3049		4.96953		4.21213		1.40416
15.968		77.9653		-90.195		-22.2422		0.200535		-90.0174		20.6567		15.0547		7.62429		1.19693		1.40413
16		77.9689		-90.195		-22.2365		0.206265		-90.0174		15.6131		18.2131		9.90264		3.62466		1.40407
16.032		77.956		-90.195		-22.2308		0.206265		-90.0174		18.3505		22.1148		6.36276		5.52896		1.40402
16.064		77.9569		-90.195		-22.225		0.211994		-90.0174		22.3729		16.2333		9.36743		2.91096		1.40397
16.096		77.9389		-90.195		-22.2193		0.211994		-90.0174		16.7326		20.2504		4.96191		4.15534		1.40394
16.128		77.9597		-90.195		-22.2193		0.217724		-90.0174		20.5942		14.9916		7.44123		1.10341		1.40392
16.16		77.9394		-90.195		-22.2078		0.223454		-90.0174		15.549		18.1418		9.76119		3.58915		1.40386
16.192		77.9264		-90.195		-22.2021		0.223454		-90.0174		18.2749		22.044		6.3102		5.50877		1.40381
16.224		77.9477		-90.195		-22.2021		0.229183		-90.0174		22.3253		16.1295		9.08536		1.85592		1.40378
16.256		77.9537		-90.2007		-22.1964		0.234913		-90.0174		16.661		20.1895		4.9162		4.00528		1.40375
16.288		77.9286		-90.195		-22.1964		0.229183		-90.0174		20.5886		15.0612		7.93902		6.86361		1.40369
16.32		77.8926		-90.195		-22.1849		0.229183		-90.0174		15.4848		18.0188		9.5112		4.02288		1.40363
16.352		77.9001		-90.195		-22.1792		0.234913		-90.0174		18.1454		21.8934		6.13949		5.52157		1.40358
16.384		77.8814		-90.195		-22.1735		0.234913		-90.0174		22.2132		16.0563		9.01722		2.9817		1.40354
16.416		77.8638		-90.195		-22.1677		0.234913		-90.0174		16.56		20.05		4.76242		3.9269		1.40351
16.448		77.8848		-90.195		-22.1677		0.240642		-90.0174		20.3975		14.8231		7.18265		1.15717		1.40349
16.48		77.8886		-90.195		-22.162		0.246372		-90.0174		15.3813		17.9262		9.56502		3.38379		1.40343
16.512		77.8717		-90.195		-22.1563		0.246372		-90.0174		18.0593		21.8382		6.1111		5.34412		1.40338
16.544		77.8773		-90.195		-22.1505		0.252101		-90.0174		22.1188		15.9487		8.93967		1.81239		1.40334
16.576		77.8992		-90.195		-22.1505		0.257831		-90.0174		16.4818		20.0035		4.71777		3.77837		1.40332
16.608		77.8583		-90.195		-22.1448		0.252101		-90.0174		20.4051		14.8945		7.78212		6.74766		1.40326
16.64		77.8384		-90.195		-22.1334		0.257831		-90.0174		15.3189		17.8198		9.38567		3.86088		1.4032
16.672		77.8258		-90.195		-22.1276		0.257831		-90.0174		17.9471		21.6995		5.9279		5.30782		1.40315
16.704		77.8272		-90.195		-22.1219		0.263561		-90.0174		22.0265		15.8802		8.9061		2.90753		1.40311
16.736		77.8335		-90.195		-22.1219		0.263561		-90.0174		16.3876		19.8751		4.55462		3.75518		1.40308
16.768		77.8422		-90.195		-22.1162		0.26929		-90.0174		20.0208		23.1855		7.39122		0.747907		1.40306
16.8		77.8612		-90.195		-22.1104		0.280749		-90.0174		15.2302		17.3669		9.68154		2.97339		1.403
16.832		77.8479		-90.195		-22.1047		0.280749		-90.0174		17.8928		21.5351		5.98155		5.02993		1.40296
16.864		77.889		-90.2007		-22.1047		0.292208		-90.0174		21.9866		15.9904		8.91713		1.54578		1.40292
16.896		77.85		-90.2065		-22.099		0.286479		-90.0231		16.3673		40.1954		4.45705		3.59272		1.4029
16.928		77.824		-90.2065		-22.0933		0.286479		-90.0231		20.2416		33.3246		7.54313		6.60943		1.40285
16.96		77.7812		-90.2065		-22.0818		0.286479		-90.0231		15.236		28.0648		9.02195		3.78869		1.40278
16.992		77.7205		-90.2065		-22.0703		0.280749		-90.0231		17.8001		22.5127		5.51006		5.35816		1.40273
17.024		77.6831		-90.2065		-22.0589		0.280749		-90.0231		21.6265		11.8478		8.56534		1.87224		1.40267
17.056		77.6449		-90.2065		-22.0474		0.280749		-90.0231		16.1828		10.1209		4.342		3.51367		1.40263
17.088		77.6114		-90.2007		-22.036		0.280749		-90.0231		19.7314		12.1445		7.87785		6.28072		1.40255
17.12		77.6001		-90.2065		-22.0245		0.286479		-90.0231		22.9381		15.4418		10.7634		3.17485		1.40248
17.152		77.5859		-90.2065		-22.013		0.292208		-90.0289		17.3464		29.0986		5.80188		4.38125		1.40244
17.184		77.6184		-90.2065		-22.0073		0.303668		-90.0289		21.0583		31.0488		9.50474		1.18854		1.40241
17.216		77.6244		-90.2122		-22.0016		0.309397		-90.0346		16.1326		20.1227		4.66839		3.07469		1.40239
17.248		77.6312		-90.2122		-21.9959		0.315127		-90.0346		19.4803		21.2459		8.18385		5.99206		1.40234
17.28		77.6619		-90.2179		-21.9901		0.326586		-90.0403		14.8803		25.3396		10.0675		3.19406		1.40229
17.312		77.6887		-90.2237		-21.9901		0.332316		-90.046		17.467		20.074		5.93629		4.52329		1.40227
17.344		77.7368		-90.2294		-21.9901		0.343775		-90.046		21.4881		24.5878		9.2054		1.26514		1.40225
17.376		77.7772		-90.2294		-21.9959		0.349504		-90.046		16.2089		19.2999		4.52328		3.00332		1.40224
17.408		77.7821		-90.2294		-21.9959		0.349504		-90.046		19.983		23.7219		7.78052		5.95903		1.4022
17.44		77.8213		-90.2294		-22.0016		0.355234		-90.046		23.5048		16.8664		10.1549		3.15126		1.40217
17.472		77.8418		-90.2294		-22.0073		0.355234		-90.046		17.5702		21.5786		5.45862		4.58682		1.40215
17.504		77.8615		-90.2294		-22.0073		0.360963		-90.046		21.8836		15.6482		8.20418		1.44335		1.40213
17.536		77.8422		-90.2294		-22.0073		0.355234		-90.046		16.439		19.6134		4.06311		3.2908		1.40212
17.568		77.8476		-90.2294		-22.0073		0.355234		-90.0518		19.8248		23.1108		7.36931		6.16986		1.40207
17.6		77.8465		-90.2351		-22.0016		0.360963		-90.0518		15.2448		17.0882		8.93822		3.32004		1.40201
17.632		77.8334		-90.2294		-21.9959		0.360963		-90.0518		17.6036		21.1131		5.29148		4.77607		1.40197
17.664		77.8109		-90.2351		-21.9901		0.360963		-90.0518		21.6787		15.6623		8.2653		1.53829		1.40193
17.696		77.817		-90.2294		-21.9901		0.360963		-90.0518		16.1977		19.2058		3.9281		3.32355		1.4019
17.728		77.8034		-90.2294		-21.9844		0.360963		-90.0518		19.6866		22.6561		7.45791		6.26001		1.40184
17.76		77.8043		-90.2294		-21.9787		0.366693		-90.0518		23.1775		16.9232		9.95681		3.24312		1.40178
17.792		77.7864		-90.2294		-21.9729		0.366693		-90.0518		17.4307		21.0026		5.09052		4.53181		1.40175
17.824		77.8071		-90.2294		-21.9729		0.372423		-90.0518		21.5571		15.624		8.18029		1.44684		1.40172
17.856		77.789		-90.2294		-21.9672		0.372423		-90.0518		16.2768		19.0349		3.77871		3.20132		1.40169
17.888		77.7752		-90.2294		-21.9615		0.372423		-90.0518		19.4889		22.4868		7.36765		6.19707		1.40163
17.92		77.7548		-90.2409		-21.95		0.378152		-90.0575		15.0844		16.9957		8.94856		3.30752		1.40156
17.952		77.7423		-90.2409		-21.9443		0.378152		-90.0575		17.4164		20.7397		5.04346		4.65357		1.40151
17.984		77.7439		-90.2409		-21.9386		0.383882		-90.0575		21.4274		15.5464		8.25116		1.4728		1.40147
18.016		77.728		-90.2351		-21.9271		0.389611		-90.0575		15.9749		18.8845		10.539		3.77877		1.4014
18.048		77.7312		-90.2409		-21.9214		0.395341		-90.0575		19.3259		22.3707		6.55508		5.65184		1.40134
18.08		77.7561		-90.2409		-21.9214		0.40107		-90.0575		23.0426		16.8016		9.88872		2.99724		1.4013
18.112		77.7582		-90.2466		-21.9156		0.4068		-90.0575		17.2492		20.8219		5.20656		4.20411		1.40126
18.144		77.7787		-90.2466		-21.9156		0.41253		-90.0575		21.3921		15.5225		7.93549		1.22715		1.40124
18.176		77.7404		-90.2466		-21.9099		0.4068		-90.0575		16.1296		18.8482		3.79483		3.01588		1.40121
18.208		77.7404		-90.2466		-21.9042		0.395341		-90.0518		2.13541		22.898		0.0932031		4.29266		1.40125
18.24		77.6597		-90.2294		-21.9099		0.378152		-90.0518		13.2894		18.0069		11.8638		0.760934		1.40128
18.272		77.6597		-90.2294		-21.9099		0.343775		-90.046		2.54536		19.8372		0.0962316		7.45956		1.40128
18.304		77.4603		-90.2237		-21.9156		0.320856		-90.046		13.5437		21.6162		14.6146		2.22411		1.4013
18.336		77.302		-90.2237		-21.9099		0.292208		-90.0403		4.02384		16.9434		2.10303		11.5934		1.40127
18.368		77.2407		-90.2237		-21.8984		0.286479		-90.0403		5.3987		17.7727		10.8316		4.51198		1.40119
18.4		77.2339		-90.2122		-21.8755		0.303668		-90.0346		7.65545		21.0506		13.2838		6.43841		1.40107
18.432		77.2599		-90.2065		-21.8526		0.332316		-90.0289		11.1444		15.9405		10.0331		2.108		1.40096
18.464		77.3319		-90.2065		-21.824		0.378152		-90.0231		26.3215		19.1816		10.6037		3.51018		1.40081
18.496		77.3319		-90.2065		-21.7953		0.446907		-90.0174		17.0369		14.642		13.027		0.498457		1.40064
18.528		77.7765		-90.1893		-21.8182		0.509932		-90.0174		41.8639		15.6196		21.569		4.70575		1.4006
18.56		77.964		-90.2007		-21.8182		0.572958		-90.0117		27.0155		21.7098		8.32926		6.01547		1.40048
18.592		77.964		-90.2007		-21.8125		0.658901		-90.0117		20.5513		23.5285		11.0953		0.092761		1.40032
18.624		78.6286		-90.1893		-21.8354		0.744845		-90.0117		40.5974		15.6616		21.9155		2.64051		1.40029
18.656		78.8564		-90.2065		-21.8297		0.825059		-90.0059		28.9144		21.9626		7.49957		3.2138		1.39998
18.688		79.1273		-90.2065		-21.8068		0.928192		-90.0059		29.007		15.0451		18.4632		5.08241		1.39968
18.72		79.4311		-90.2007		-21.7781		1.04278		-90.0002		33.1422		17.6368		10.817		0.622131		1.3994
18.752		79.4311		-90.2007		-21.7495		1.17456		-90.0002		30.984		21.7998		10.444		0.380885		1.39909
18.784		80.229		-90.1721		-21.7724		1.2777		-90.0002		31.9873		14.6633		14.8214		0.641656		1.39905
18.816		80.532		-90.195		-21.7495		1.39802		-89.9945		30.7958		21.132		15.3286		2.10078		1.39859
18.848		80.9119		-90.1778		-21.7151		1.54126		-89.9888		28.4622		22.6238		7.74119		0.800239		1.39823
18.88		80.9119		-90.1778		-21.6693		1.69596		-89.9888		27.6651		16.8204		8.18297		0.0920748		1.39783
18.912		80.9119		-90.1778		-21.6865		1.82201		-89.983		31.0726		15.7083		16.1044		0.337953		1.39772
18.944		83.4962		-90.132		-21.7151		1.93087		-89.983		29.4367		20.3608		9.10259		1.88111		1.39769
18.976		83.9936		-90.1492		-21.7208		2.07411		-89.983		28.1638		18.3409		4.01646		6.22312		1.39735
